0,18,18,-1,0,0,3,0,0,18,0,22,9,2024,19,46,pm,25,9,2024,19,0,pm,1,0,DC;2,1,Pants,Dress Pants,2,6,1,Men Suits,2Pc Suit,1,6,ALT;1,0
1,17,12,-1,0,0,2,0,0,12,0,22,9,2024,19,49,pm,25,9,2024,19,0,pm,1,0,DC;1,1,Men Suits,2Pc Suit,2,6,ALT;1,0
2,24,28,-1,0,0,2,0,0,28,0,25,9,2024,9,54,am,28,9,2024,9,0,am,1,0,DC;1,0,ALT;1,1,Pant,Hem Up,2,14
3,25,132.5,425,1,0,15,0,0,132.5,0,25,9,2024,9,59,am,28,9,2024,9,0,am,1,0,DC;2,1,Pant,Regular,8,6.5,1,Shirt,Regular,4,5.5,ALT;1,1,Pant,Taper,3,19.5
4,26,22,82,1,0,3,0,0,22,0,25,9,2024,10,27,am,28,9,2024,10,0,am,1,0,DC;2,1,Shirt,Regular,2,6,1,Sweater,With Hood,1,10,ALT;1,0
4,26,22,82,1,0,3,0,0,22,0,25,9,2024,10,27,am,28,9,2024,10,0,am,1,0,DC;2,1,Shirt,Regular,2,6,1,Sweater,With Hood,1,10,ALT;1,0
4,26,22,82,1,0,3,0,0,22,0,25,9,2024,10,27,am,28,9,2024,10,0,am,1,0,DC;2,1,Shirt,Regular,2,6,1,Sweater,With Hood,1,10,ALT;1,0
7,27,25.5,-1,0,0,3,0,0,25.5,0,25,9,2024,10,55,am,28,9,2024,10,0,am,1,0,DC;3,1,Pant,Regular,1,6.5,1,Dress,Rayon,1,13,1,Blouse,Regular,1,6,ALT;1,0
8,28,15,-1,0,0,1,0,0,15,0,25,9,2024,11,2,am,28,9,2024,11,0,am,1,0,DC;1,1,Leather,Regualr,1,15,ALT;1,0
9,29,13,-1,0,0,1,0,0,13,0,25,9,2024,11,10,am,28,9,2024,11,0,am,1,0,DC;1,0,ALT;1,1,Pant,Hem Up,1,13
10,30,28,-1,1,0,2,0,0,28,0,25,9,2024,11,17,am,28,9,2024,11,0,am,1,0,DC;1,0,ALT;1,1,Pant,Hem Up,2,14
11,31,12,-1,0,0,2,0,0,12,0,25,9,2024,12,32,pm,28,9,2024,12,0,pm,1,0,DC;2,1,Shirt,Regular,1,6,1,Pant,Regular,1,6,ALT;1,0
12,32,24.5,190,0,0,2,0,0,24.5,0,25,9,2024,12,52,pm,28,9,2024,12,0,pm,1,0,DC;2,1,Shirt,Regular,1,5.5,1,Man Suit,2Pc,1,19,ALT;1,0
13,33,39,403,0,0,6,0,0,39,0,25,9,2024,14,22,pm,28,9,2024,14,0,pm,1,0,DC;2,1,Pant,Regular,2,6.5,1,Shirt,Regular,4,6.5,ALT;1,0
14,34,12,-1,1,0,2,0,0,12,0,25,9,2024,14,39,pm,28,9,2024,14,0,pm,1,0,DC;2,1,Pant,Regular,1,6.5,1,Shirt,Regular,1,5.5,ALT;1,0
15,35,127,-1,0,0,10,0,0,127,0,25,9,2024,15,0,pm,28,9,2024,15,0,pm,1,0,DC;2,1,Pant,Regular,3,6.5,2,Shirt,Regular,2,5.5,Shirt,Regular,1,17.5,ALT;4,1,Jacket,Size In,1,29.5,1,Pant,Hem Up,1,13,1,Pant,Taper,1,19.5,1,Pant,Waist In,1,17
16,36,13,-1,0,0,1,0,0,13,0,25,9,2024,15,48,pm,28,9,2024,15,0,pm,1,0,DC;1,1,Jacket,Regular,1,13,ALT;1,0
17,37,32.5,373,0,0,5,0,0,32.5,0,25,9,2024,18,4,pm,28,9,2024,18,0,pm,1,0,DC;1,1,Pant,Regular,5,6.5,ALT;1,0
18,38,38,380,0,0,2,0,0,38,0,25,9,2024,18,30,pm,28,9,2024,18,0,pm,1,0,DC;1,1,Man Suit,2Pc Wool,2,19,ALT;1,0
19,39,43.5,-1,0,0,5,0,0,43.5,0,26,9,2024,9,40,am,30,9,2024,9,0,am,1,0,DC;3,1,Dress,Rayon,1,13,1,Pant,Regular,1,6.5,1,Jacket,Regular,3,8,ALT;1,0
20,26,38.5,-1,0,0,7,0,0,38.5,0,26,9,2024,16,44,pm,30,9,2024,16,0,pm,1,0,DC;1,1,Shirt,Regular,7,5.5,ALT;1,0
21,41,56,432,0,0,8,0,0,56,0,27,9,2024,13,18,pm,1,10,2024,13,0,pm,1,0,DC;1,1,Pant,Regular,8,7,ALT;1,0
22,42,47,-1,0,0,4,0,0,47,0,28,9,2024,11,36,am,2,10,2024,11,0,am,1,0,DC;2,1,Shirt,Regular,2,5.5,1,Man Suit,2Pc,2,18,ALT;1,0
23,5,28.5,67,0,0,5,0,0,28.5,0,28,9,2024,16,59,pm,2,10,2024,16,0,pm,1,0,DC;2,1,Pant,Regular,1,6.5,1,Shirt,Regular,4,5.5,ALT;1,0
