0,0,36.55,-1,0,0,29,8,2024,2,27,am,2,9,2024,14,0,am,8,2,Pants,4,7.99,Jeans,1,4.59,0,0,0,0,0,0,0,DC;0,ALT;8,0,0,0,0,0,0,0,0
1,0,23.56,-1,0,1,29,8,2024,13,56,pm,31,8,2024,13,0,pm,8,3,Pants,1,4.99,Jeans,1,4.59,Pants,2,6.99,0,0,0,0,0,0,0,DC;0,ALT;8,0,0,0,0,0,0,0,0
2,2,17.57,-1,0,1,29,8,2024,14,0,pm,1,9,2024,15,0,pm,8,3,Pants,1,4.99,Pants,1,7.99,Jeans,1,4.59,0,0,0,0,0,0,0,DC;0,ALT;8,0,0,0,0,0,0,0,0
3,0,23.56,-1,0,1,29,8,2024,14,8,pm,2,9,2024,14,0,pm,8,3,Pants,1,4.99,Pants,2,6.99,Jeans,1,4.59,0,0,0,0,0,0,0,DC;0,ALT;8,0,0,0,0,0,0,0,0
4,2,20.56,-1,1,1,29,8,2024,14,31,pm,31,8,2024,14,0,pm,8,3,Pants,2,4.99,Pants,1,5.99,Jeans,1,4.59,0,0,0,0,0,0,0,DC;0,ALT;8,0,0,0,0,0,0,0,0
5,3,28.55,-1,1,1,29,8,2024,14,37,pm,31,8,2024,14,0,pm,8,3,Pants,2,4.99,Pants,2,6.99,Jeans,1,4.59,0,0,0,0,0,0,0,DC;0,ALT;8,0,0,0,0,0,0,0,0
6,3,4.99,-1,0,1,29,8,2024,14,40,pm,31,8,2024,14,0,pm,8,1,Pants,1,4.99,0,0,0,0,0,0,0,DC;0,ALT;8,0,0,0,0,0,0,0,0
7,0,24.05,-1,0,0,30,8,2024,2,25,am,2,9,2024,2,0,am,8,2,Pants,1,4.99,Jeans,1,4.59,2,Shirts,1,3.99,T-Shirts,1,3.49,0,0,0,0,0,0,DC;8,2,Pants,1,6.99,Jeans,7,6.59,0,0,0,0,0,0,0,ALT;8,0,0,0,0,0,0,0,0
8,2,40.52,-1,0,0,30,8,2024,2,46,am,2,9,2024,2,0,am,8,2,Pants,1,4.99,Jeans,1,4.59,1,Shirts,1,3.99,0,0,0,0,0,0,DC;8,2,Pants,1,6.99,Jeans,1,5.59,1,Shirts,4,4.99,0,0,0,0,0,0,ALT;8,0,0,0,0,0,0,0,0
9,3,20.56,-1,0,1,30,8,2024,2,53,am,2,9,2024,2,0,am,8,2,Jeans,1,4.59,Pants,1,4.99,1,Shirts,1,3.99,0,0,0,0,0,0,DC;8,2,Pants,1,6.99,Jeans,6,7.59,0,0,0,0,0,0,0,ALT;8,0,0,0,0,0,0,0,0
10,1,28.55,-1,0,0,30,8,2024,14,36,pm,2,9,2024,2,0,pm,8,2,Pants,1,4.99,Shirts,1,3.99,1,Jeans,1,4.59,0,0,0,0,0,0,DC;8,2,Pants,1,6.99,Pants,1,7.99,0,0,0,0,0,0,0,ALT;8,0,0,0,0,0,0,0,0
11,0,56.79,-1,0,1,30,8,2024,15,2,pm,2,9,2024,3,0,pm,8,4,Pants,3,4.99,Pants,1,6.99,Shirts,1,3.99,T-Shirts,1,3.49,2,Jeans,2,4.59,Jeans,1,5.59,0,0,0,0,0,0,DC;8,1,Pants,1,6.99,1,Jeans,1,5.59,0,0,0,0,0,0,ALT;8,0,0,0,0,0,0,0,0
12,0,39.72,351,1,1,30,8,2024,3,45,pm,2,9,2024,3,0,pm,8,3,Pants,1,6.99,Jeans,2,5.59,Jeans,1,4.59,1,Shirts,1,5.99,0,0,0,0,0,0,DC;8,0,1,Shirts,1,4.99,0,0,0,0,0,0,ALT;8,0,1,Shirts,2,2.99,0,0,0,0,0,0
13,5,88.47,-1,0,1,31,8,2024,3,46,am,5,9,2024,3,0,am,8,3,Pants,6,5.99,Pants,3,4.99,Jeans,1,4.59,0,0,0,0,0,0,0,DC;8,0,0,0,0,0,0,0,0,ALT;8,1,Pants,3,10.99,0,0,0,0,0,0,0
