0,0,52,-1,0,0,4,0,0,1,0,56.875,0,26,1,2026,2,30,am,29,1,2026,2,0,am,1,0,DC;1,0,ALT;1,1,Pant,Hem Up,4,13
1,0,73,-1,0,0,5,0,0,1,0,79.8438,0,27,1,2026,2,16,am,30,1,2026,2,0,am,0,DC;1,0,ALT;2,1,Pant,Hem Up,3,13,1,Pant,Hem Up W/cuff,2,17
2,0,43,-1,0,0,3,0,0,1,4.03125,47.0312,0,27,1,2026,16,0,pm,30,1,2026,16,0,pm,0,DC;1,0,ALT;2,1,Pant,Hem Up,2,13,1,Pant,Hem Up W/cuff,1,17
3,0,88.5,-1,0,0,3,0,0,1,8.29688,96.7969,0,27,1,2026,16,1,pm,30,1,2026,16,0,pm,0,DC;1,0,ALT;1,1,Jacket,Sleeves,3,29.5
4,0,118,-1,0,0,4,0,0,1,11.0625,129.062,0,27,1,2026,16,19,pm,30,1,2026,16,0,pm,0,DC;1,0,ALT;2,1,Jacket,Sleeves,3,29.5,1,Jacket,Hem Up,1,29.5
5,0,43,-1,0,0,3,0,0,1,4.03125,47.0312,0,27,1,2026,16,39,pm,30,1,2026,16,0,pm,0,DC;1,0,ALT;2,1,Pant,Hem Up,2,13,1,Pant,Hem Up W/cuff,1,17
-1,-1,0,0,0,0,0,0,0,0,0,0,0,27,1,2026,16,41,pm,30,1,2026,16,0,pm,1,0,DC;1,0,ALT;1,0
7,0,55.5,-1,0,0,3,0,0,1,0,60.7031,0,27,1,2026,16,42,pm,30,1,2026,16,0,pm,0,DC;1,0,ALT;2,1,Pant,Hem Original,2,19.5,1,Pant,New Zipper,1,16.5
8,0,56,-1,0,0,4,0,0,1,5.25,61.25,0,27,1,2026,17,5,pm,30,1,2026,17,0,pm,0,DC;1,0,ALT;2,1,Pant,Hem Up,3,13,1,Pant,Hem Up W/cuff,1,17
9,0,75,-1,0,0,6,0,0,0,0,75,0,27,1,2026,17,45,pm,30,1,2026,17,0,pm,1,0,DC;1,1,Pant,Regular,3,6.5,ALT;2,1,Pant,Hem Up,2,13,1,Jacket,Sleeves,1,29.5
10,0,82,-1,0,0,6,1,15,1,7.6875,76.2344,0,27,1,2026,18,59,pm,30,1,2026,18,0,pm,0,DC;1,0,ALT;2,1,Pant,Hem Up,5,13,1,Pant,Hem Up W/cuff,1,17
11,0,39,-1,0,0,3,0,0,1,3.65625,42.6562,0,27,1,2026,20,16,pm,30,1,2026,20,0,pm,0,DC;1,0,ALT;1,1,Pant,Hem Up,3,13
