0,Jania,Parrales,4085936049,0,8,52,144,162,267,417,494,541,657
1,Juan,Viramonte,4088931612,0,0
2,Silvia,Villavicencio,6508691929,0,0
3,Roberto,Aguirre,4086979707,0,0
4,Tania,Ornelas,4084173718,0,0
5,Luz,Cabrera,4089035223,0,6,275,379,433,588,624,684
6,Fermin ,Macia,6692783027,0,0
7,Alfredo,Madrigal,6692977349,0,0
8,Charvarius,Ward,4088108980,0,0
9,Karina,Quintero,4088416497,0,3,56,272,743
10,Maria,Solis,4084391827,0,0
11,Alma,Guzman,4085681285,0,0
12,Sara,Melendes,4084493419,0,1,45
13,Oscar,Ducusin,4085097598,0,0
14,Denice,Johnson,4089216343,0,1,698
15,Jose ,Robledo,4083327575,0,2,559,751
16,Jose ,Grimaldo,4085280845,0,1,137
17,Luis,Villalta,4086742579,0,3,1,24,25
18,Alex,Gonzalez,4086612413,0,6,44,207,350,442,580,673
19,Rosa,Gonzalez,4087727503,0,2,302,756
20,Francisco,Fonzalez,4089250154,0,0
21,Jose,Gonzalez,4084491981,0,4,193,381,510,692
22,Jaqueline,Gonzalez,4088438629,0,1,419
23,Silvia,Aguilar,4082345158,0,0
24,Gina,Sanchez,6692959652,0,0
25,Antonio,Castillo,4083168683,0,0
26,Erick,Vargas,0000,0,4,140,509,680,791
27,Petra,Medina,4088244084,0,0
28,Bryan,Martinez,4084839975,0,0
29,Vu,Thinh,4084895074,0,0
30,Susana,Cuevas,4083988430,0,0
31,Alex,Ulloa,4084213244,0,0
32,Cuong,Truong,4088926075,0,1,734
33,Ray,Marquez,80609969,0,2,329,761
34,Guadalupe,Hernandez,4083731418,0,0
35,Jonathan,Borca,4084827670,0,0
36,Jose,Rodrigues,4086674558,0,3,34,221,462
37,Jose,Torres,4085189800,0,2,92,471
38,Julio,Fuentes,4086557504,0,0
39,Susana,Rodrigues,4083645990,0,4,150,288,610,764
40,Ildelisa,Hernandez,4082505101,0,0
41,Le,Ann,4083865465,0,0
42,Ana,Torres,6692386135,0,0
43,Llanes,Esequiel,4087720687,0,3,270,346,501
44,Carlos,Merced,4085972556,0,0
45,Qui,Truong,4084894857,0,0
46,Alan,Mendoza,4084016378,0,0
47,Oscar,Ducusin,4085097578,0,0
48,Jenifer,Le,4086238344,0,4,12,195,429,603
49,Tony,Williams,2094517055,0,2,257,693
50,Juan,Tinajero,4088398919,0,2,35,780
51,Emilio,Navarro,4089871101,0,2,440,720
52,H.,Bronson,4083141246,0,2,26,634
53,Ubaldo,Valencia,408696529,0,5,29,76,368,706,785
54,Darshan,Singh,4083906194,0,0
55,Teresa,Valdez,2522001620,0,1,766
56,Jairo,Lopes,4089036445,0,3,147,390,553
57,Luis,Corona,6692104331,0,0
58,Silvia,Jimenes,4086494347,0,0
59,Alexander,Jimenez,4087242977,0,0
60,Silvia,Cardenas,4082309925,0,0
61,Antonio,Hernandez,5596794266,0,0
62,Jose,Millan,4088306340,0,3,136,373,605
63,Guadalupe,Rodrigues,4084696444,0,0
64,Laura,Corona,4084174090,0,0
65,Jerry,Marcial,4087914613,0,7,73,178,233,331,465,563,752
66,Victor,Napan,4088304968,0,8,60,215,388,549,614,642,749,753
67,Sergio,Herrera,6616215560,0,0
68,Mario,Zuniga,4085615881,0,2,204,725
69,Antonio,Campos,4087719135,0,4,200,336,666,729
70,Marvin,Piril,6236937125,0,0
71,Consepcion,Blanco,4087572644,0,0
72,Robert,Benford,4089980593,0,3,83,481,665
73,Hector,Sarte,4086493298,0,0
74,Lesly,Mendoza,4085957017,0,1,39
75,Jorge,Nava,4089148810,0,7,28,108,301,416,476,616,688
76,Meshbaur,Rahman,4085095134,0,1,18
77,Abe,Gorgonio,4086900127,0,4,15,320,536,643
78,Guillermo,Olmedo,4082955441,0,0
79,Phillip,Manithep,4085610460,0,1,691
80,Mario,Esteves,7074946252,0,0
81,Rosa,Esparza,4084834890,0,2,130,370
82,Dyana,Huaraz,6508345157,0,0
83,Garry,Church,4088785792,0,2,157,682
84,Roberto,Plancarte,4087086640,0,0
85,Luis,Caro,4085936490,0,0
86,Albert,Candelaria,4083963736,0,5,121,244,402,491,715
87,Rigo,Medina,4088346994,0,2,286,645
88,Noel,Serrano,4086242987,0,0
89,Arturo,Alvarado,6692199176,0,8,0,131,208,316,403,479,627,742
90,Marcus,Parker,6506175227,0,2,174,778
91,Maria,Escalante,4083008990,0,0
92,Cato,Moctezuma,40821071878,0,0
93,J.,Tolvert,6699465807,0,4,154,173,342,470
94,Cesar,Martinez,6507588779,0,0
95,Delvin,Martinez,4086488036,0,2,4,425
96,Elvira,Parra,4088066447,0,1,224
97,Douglas,Bly,4702741361,0,0
98,Emely,Jimenez,6692163018,0,0
99,Diaz,Mireya,4083377952,0,0
100,Edgar,Gabriel,4084061877,0,2,236,293
101,Maria Elena,Guerrero,4084068059,0,3,71,332,767
102,Sonia,Demarciales,4082173079,0,0
103,Mauro,Rosales,4086259826,0,4,285,399,532,723
104,Cristal,Valdovinos,4086468170,0,0
105,Elena,Robles,4087914568,0,0
106,Ivett,Colorado,4086706047,0,5,551,577,683,710,737
107,Jose,Cendejas,4084608786,0,0
108,Serrano,Oscar,4088541536,0,0
109,David,Cabrera,4085922535,0,0
110,Lazaro,Valencia,4083869162,0,2,608,687
111,Fernanddo,Torres,4086489887,0,1,122
112,Ana ,Mauga,4084781707,0,1,377
113,Antonio,Cardenas,4088433824,0,0
114,Maria,Lopes,4086662698,0,1,249
115,Juan,Cardenas,4082055214,0,0
116,Jose,Martinez,4086607841,0,0
117,Juan,Avelar,4086487329,0,5,6,202,364,407,685
118,Miguel,Favela,4084833294,0,0
119,Frank,Hernandez,4082216341,0,5,74,133,217,558,579
120,Jesus,Flores,4089310735,0,2,229,463
121,Flor,Romano,4083842495,0,0
122,Mauricio,Salazar,4087990171,0,1,740
123,Justine,Darden,4082349463,0,1,396
124,Michael,Moyano,6692612511,0,1,544
125,Patricia,Oseguera,6692068410,0,0
126,Mariel,Hernandez,4087974330,0,0
127,Mario,Zaragoza,4089038390,0,0
128,Josh,Morales,4083946535,0,0
129,Raymond,Do,4083483535,0,0
130,Linh,Lai,4087811926,0,0
131,Alejandra,Rangel,4084894550,0,0
132,James,Puni,6692546971,0,5,158,238,394,628,639
133,Nicolas,Moctezuma,4085655386,0,1,488
134,Carlos,Parra,4086459919,0,1,189
135,Cicolas,Huicab,4083982281,0,1,354
136,Robert,Mendoza,4087628762,0,2,696,786
137,Henrry,Navarro,4085096187,0,0
138,Steven,Le,6694677321,0,0
139,Ivon,Adame,6692160191,0,0
140,Arturo,Villareal,4085152003,0,6,49,186,247,638,655,774
141,Vai,Malauulu,4086557691,0,1,602
142,Atanacio,Vera,4089338312,0,0
143,Anthony,Gutierrez,4088495500,0,2,175,366
144,Victor,Solorio,4087266067,0,1,196
145,David,Cardenas,4082705146,0,4,79,263,418,594
146,Ray,Cobambio,6692930692,0,0
147,Esequias,Ortiz,4089100667,0,0
148,Silvia,Florian,6506700423,0,1,335
149,Aurelio,Espinoza,4089048497,0,2,334,759
150,Teresita,Crueldad,4087915043,0,2,63,473
151,Alberta,Rocamora,6506606434,0,0
152,Rogelio ,Moya,4086441438,0,1,103
153,Francisco,Vasquez,6692430443,0,1,324
154,Tony,Johnson,4088290004,0,0
155,Jesus,Fletes,4086559781,0,1,115
156,Troche,H.,4086677675,0,1,219
157,Fidel ,Rivera,4088359083,0,0
158,Jose Maria,Lopez,4085167533,0,0
159,Binh,Nguyen,6698774798,0,2,87,362
160,Deon,Galicinao,4083060967,0,0
161,Naser,Khan,0,0,0
162,Everett,Randolph,4088194149,0,2,489,717
163,Edgardop,Camarena,6692515479,0,7,141,190,284,426,560,615,730
164,Uma,Sharma,000,0,0
165,Sergio,Rodriguez,4089663047,0,4,48,197,452,533
166,Rudy,Afuola,4084012391,0,3,171,312,502
167,Cesar,Tronco,6503389469,0,1,118
168,Andres,Eusebio,4083985720,0,1,102
169,Norie,Gabatino,4088020367,0,2,357,460
170,Erick,Corona,4084605043,0,0
171,Roberto,Rueda,4086871205,0,1,397
172,Remi,Singh,3602207728,0,0
173,Frank,Araujo,4084727570,0,3,355,583,771
174,Dhristian,Cruda,4085317027,0,0
175,Marcotulio,Centeno,4083932741,0,3,256,436,495
176,Maria,Regalado,4087706033,0,0
177,Ricardo,Cruz,4086429441,0,0
178,Marcial,Vargas,4089035931,0,1,422
179,Salvador,Rojas,4082349428,0,1,106
180,Jose,Orosco,4085912741,0,0
181,Jose,Anacleto,4089039063,0,1,482
182,Sunny,Singh,4085505774,0,0
183,Alesia,Williams,4086236442,0,0
184,Morgan,Nakamura,4088236050,0,0
185,Liliana,Garcia,4089103114,0,0
186,Samane,Phomphkdy,4084555097,0,0
187,Mindy,Duong,4082028049,0,2,69,153
188,Toniesha,Ruby,6693772573,0,0
189,Carlos,Villalobos,4084663221,0,2,57,561
190,Duc,Duong,4088243186,0,0
191,Lidia,Rodrigues,4084493228,0,0
192,Shirley,Williams,5599031152,0,1,747
193,Manuel,Rivera,408580799,0,1,59
194,Leo,Ceja,4158236206,0,1,773
195,Daniel,Aguilar,4086609063,0,0
196,Nora,Nieto,4086613356,0,2,428,776
197,Michael,Williams,6506904969,0,1,711
198,Juan,Villa,4087706559,0,3,11,534,581
199,Joseph,Salom,4084638295,0,0
200,Armando,Chavez,4088395355,0,5,156,384,511,571,718
201,Tam,Nguyen,6692858034,0,1,277
202,Eva,Vuran,4082348518,0,0
203,Jack,Nguyen,4086606135,0,0
204,Erick,Jacobo,5103599891,0,0
205,Gael,Rodriguez,4085323122,0,0
206,Maria,Corona,4082174305,0,1,53
207,Kenny,Buttler,6692854085,0,0
208,Vicente,Flores,4088211398,0,0
209,Huong,Nguyen,4084206448,0,1,298
210,Jesus,Gutierrez,6693698671,0,1,201
211,Ricardo,Camarena,4083032811,0,3,9,84,265
212,Ranbir,Rajasansi,4088078257,0,0
213,Reyes,Severiano,4089103947,0,0
214,Robin,Hernandez,4156406397,0,1,439
215,Alma,Gomez,4083341921,0,0
216,Eloisa,Guzman,4088244825,0,1,568
217,Jose,Ortiz,8313158033,0,1,260
218,Reynaldo,Estrada,4089100067,0,0
219,Edgardo,Camacho,4082025932,0,1,239
220,Alan,Garcia,4087025042,0,2,142,582
221,Moises,Viramontez,4087572401,0,0
222,Rosa,Garcia,4087262018,0,1,518
223,Alex,Urive,4086236154,0,1,283
224,Guillermina,Pantoja,4085616742,0,0
225,Tam,Nguyen,4086444763,0,0
226,Dolores,Avelar,4085129313,0,0
227,Nancy,Rodrigues,4084315049,0,0
228,Reymjundo,Mendoza,4085616106,0,0
229,Gabriel,Val,4083203806,0,1,104
230,Irvin,Martinez,4087243980,0,3,431,453,612
231,Ray ,Martinez,4982300822,0,2,279,414
232,Soila,Geronimo,4087690594,0,1,409
233,Willor,Zabala,4086559936,0,2,214,545
234,Thanh,Le,4084093911,0,3,61,406,777
235,Luz,Galindo,4082024831,0,10,51,151,210,246,281,333,423,458,598,662
236,Manuel,Pulido,4085904545,0,2,13,592
237,Rosa,Bara,4085096553,0,4,393,467,604,635
238,Mario,Ramires,4085907501,0,0
239,Elizaberth,Alvares,4087577082,0,2,311,589
240,Pilar,Lara,4084553217,0,1,182
241,Negda,Alvarez,4082988092,0,0
242,Nguyen,Vo,4086936595,0,0
243,Maria,Arroyo,4085930946,0,2,179,259
244,Ernesto,Estrada,40890380634,0,1,345
245,Steve,Jackson,4083161388,0,3,42,231,496
246,Linda,Alcantara,4085937948,0,0
247,Antony,Lazo,4083944075,0,0
248,Andres,Ramos,4083064938,0,0
249,Gilbert,Camacho,6692900649,0,0
250,Rosa,Marcos,4089637995,0,5,36,226,240,313,760
251,Antonio,Garcia,4085919238,0,3,188,456,586
252,Truc,Bui,4088356926,0,0
253,Gilbert,Esparza,4082305676,0,7,19,170,299,498,621,650,678
254,Martin,Cuevas,14087281954,0,0
255,Lupe,Vega,4087999701,0,0
256,Maria,Flores,4084492423,0,1,448
257,Juan,Gamino,4088340295,0,1,216
258,Magdalena,Gamino,4085458247,0,0
259,Magdalena,Gamino,4085458287,0,0
260,Roberto,Mejia,4086031262,0,0
261,Rachael,Garcia,5108675202,0,2,50,757
262,Adela,Maldonado,4088296304,0,0
263,Lourdes,Medal,4086058178,0,1,43
264,Daniel,Borca,4084821674,0,2,116,782
265,Agustin,Arroyo,9709149007,0,0
266,Jorge,Guerrero,4087571123,0,2,161,769
267,Alfonso,Plancarte,4088236488,0,0
268,Alberto,Salinas,4087575079,0,0
269,Petriuk,P.,4086376550,0,0
270,Junior,Loia,4089915304,0,0
271,Jose,Robledo,6692397587,0,1,146
272,Rudy,Diaz,4082158526,0,3,30,613,660
273,Juan,Sanchez,4084225191,0,5,243,292,444,524,741
274,Mai,Nguyen,4087507934,0,1,248
275,Harry,Wong,4084762303,0,2,294,664
276,Roberto,Garcia,4083189378,0,0
277,Asencion,Crisostomo,6502716546,0,0
278,Marta,Campos,4085099274,0,1,2
279,Angelica,Aguilar,4084200224,0,3,3,91,548
280,Hung,Nguyen,4086911000,0,2,5,420
281,Phoung,Lam,4082393078,0,1,483
282,Cyber Glove,Systems,4084205354,0,7,7,80,89,94,405,475,667
283,Ramon,Viscarra,4086916392,0,2,8,66
284,Manuel,Villa,4088436761,0,1,10
285,Plumbing,Superior,4085284103,0,1,507
286,Leah,Taylor,4088132056,0,2,14,727
287,Anarosa,Alvarado,4089913709,0,0
288,Jose,Andrade,4087945180,0,1,16
289,Noodle,Tk,4082231688,0,4,17,262,547,788
290,Avina,Alejandro,6502796973,0,3,20,280,702
291,Marion,Elizaga,4082077565,0,2,21,353
292,Jaime,Noriega,4086876685,0,1,22
293,Yvette,Gurat,4084211551,0,1,23
294,Rosa,Muniz,4086055420,0,1,27
295,Reyna,Paz,4083323816,0,2,31,106
296,Magela,Castaneda,4088543547,0,1,32
297,Elena,Galindo,4085097721,0,1,33
298,David ,Urena,6692853478,0,4,37,68,648,765
299,Thanh,Bua,4088812617,0,1,38
300,Gopal,Singh,4082302613,0,2,70,435
301,Tran,Thai,4085208293,0,1,762
302,Cyntia,Keene,4083969447,0,5,268,306,391,609,663
303,Francisco,Solorio,4087266014,0,4,40,110,499,647
304,Alan ,Vu,4159969496,0,3,41,46,343
305,Lupita,Martinez,4089124156,0,2,47,352
306,Huy,Trinh,4086614914,0,2,90,232
307,Juan,Armenta,4085901739,0,3,218,371,480
308,Barney,Tomacder,4086676973,0,0
309,Maria,Hernandez,4086554077,0,1,54
310,Claudia,Robledo,4086485102,0,2,55,227
311,Jaqueline,Samudio,4088243719,0,2,58,768
312,David,Pena,4086561108,0,1,62
313,Margie,Ddavis,4088960256,0,1,64
314,Hugo,Tacos,4089383139,0,0
315,Raul,Armamnento,4088364405,0,0
316,Luis,Alonso,4086405842,0,2,65,82
317,Sandra,Moran,6692458257,0,2,67,319
318,Mguel,Aguilar,2047614,0,1,72
319,Celeste,Ramires,4083935649,0,4,75,138,367,659
320,Chery,Caspe,8177743704,0,0
321,Sanchez,Elizaberth,4088935020,0,1,77
322,Sergio,Sandoval,4159883776,0,0
323,Anh,Le,4082411552,0,3,78,386,755
324,Pedro,Cruz,4085404338,0,0
325,Ana,Cisnero,4084895658,0,1,81
326,Jose,Limon,0000000000,0,2,86,382
327,Eddie,Hernandez,4086231395,0,14,85,183,234,291,344,398,445,478,522,570,618,676,722,789
328,Antony,Mesquita,4085097097,0,1,88
329,Ben,Schoolfield,4086309842,0,2,93,194
330,Ana,Martinez,4089316199,0,3,95,484,591
331,Vicente,Guevara,6692167336,0,1,96
332,Fernando,Martinez,6692106235,0,2,97,192
333,Antony,Balderas,4085208570,0,1,98
334,Hector,Solorio,4088352793,0,5,99,241,330,339,708
335,America,Moreno,4083607259,0,1,100
336,Joie,Cariaga,4089314979,0,1,101
337,Salvador,Sandoval,4084664155,0,1,105
338,Zacarias,Elizabeth,4082105311,0,2,109,176
339,Adriana,Gonzalez,4086072280,0,1,111
340,Christina,Navarro,4083867261,0,1,112
341,Saul,Casillas,4085440357,0,1,113
342,Paul,Tautolo,4089123313,0,2,114,338
343,Jaqueline,Gonzalez,4084838629,0,2,474,754
344,Jhon,Cantu,4088587444,0,3,116,640,707
345,Jarde,Cariaga,4086038345,0,1,119
346,Conie,Dove,4082041843,0,1,122
347,Jerry,Lewis,4083329448,0,4,123,276,504,704
348,Eloisa,Garcia,5107065885,0,1,124
349,Jd,Sharma,4082036731,0,2,125,527
350,Robert,Vergara,4083866067,0,6,126,206,228,447,500,654
351,Carolina,Osorio,4087599327,0,1,127
352,Gil,Velasquez,4085940122,0,1,128
353,Autorepair,J&c,4089816487,0,1,129
354,Nar,Adriano,4087993812,0,2,132,412
355,Ana,Rivera,4082308886,0,1,134
356,Juan,Carrillo,5103557960,0,1,135
357,Hue,Nguyen,4088134783,0,1,139
358,Javier,Rivera,4087262204,0,1,143
359,Francisco,Morales,4084396914,0,2,145,191
360,Ivett,Colorado,4086406047,0,1,148
361,Indru,Bhatia,4082068215,0,4,149,253,506,686
362,Ricardo,Rosas,4085616739,0,3,152,258,555
363,Builders,Canaan,4083754288,0,2,172,348
364,Jose,Velez,4088410298,0,1,155
365,Robert,Moreno,4063946823,0,1,159
366,Michael,Iampietro,4082066984,0,1,160
367,Phong,Nguyen,4083150804,0,1,163
368,Phoung,Do,4084897809,0,2,164,520
369,Maria,Martinez,4085189605,0,1,165
370,Sal ,Govea,4086614243,0,1,166
371,Jorge,Rodrigues,4088359482,0,3,167,327,744
372,Jose,Cardenas,5105123663,0,1,168
373,Frank,Baltazar,4083865458,0,4,169,209,395,617
374,Carol,Contreras,4088769999,0,2,177,213
375,Andres,Cecena,5105185820,0,1,180
376,Claudia,Montez,4089603333,0,2,181,254
377,Elva,Inosencio,4084219466,0,1,184
378,Pedro,Larios,4084381761,0,3,185,245,295
379,Carlos,Reynaga,6692783464,0,1,187
380,Lisa,Kackson,4088139265,0,1,198
381,Diana,Wasihgton,4088591206,0,2,199,668
382,Vanesa,Sanchez,4084282845,0,1,203
383,Autavius,Ison,4705063585,0,2,205,250
384,Kamal,Polloloco,4085950369,0,0
385,Shoe Repair,Andy's,4082700850,0,1,763
386,Marta,Montez,4082048195,0,3,211,546,770
387,Walter,Mcdonald,4088544717,0,1,212
388,Sandra,Rodriguez,4089813922,0,3,220,359,523
389,Norma,Cordova,4085109405,0,1,222
390,Jose,Ramires,4088412790,0,1,223
391,Lucero,Arango,6694540779,0,1,225
392,Rosa,Ortiz,4089035133,0,2,230,413
393,Hilario,Ojeda,4087713615,0,1,235
394,Antonio,Gomes,4085158274,0,1,237
395,Joe,Pobre,4088917799,0,5,242,349,437,517,690
396,Villafuerte,Bernarda,4085518364,0,1,251
397,David,Melgoza,4085975275,0,1,252
398,Tung,Nguyen,4084206578,0,1,255
399,Erick,Orosco,4084319562,0,1,261
400,Willie,Mccoy,4086567515,0,1,264
401,Hensel,Troche,5105809411,0,7,266,314,427,593,652,699,748
402,Alejandro,Aguilar,4084205503,0,3,269,515,670
403,H.s,Mount Plasent,0000000,0,0
404,H.s,Mount Plasent,000000,0,1,271
405,Leticia,Garcia,4083902711,0,1,273
406,Peter,Giang,5104071881,0,1,274
407,Maria,Miranda,4088491782,0,1,278
408,Christina,Canty,4084407174,0,0
409,Teresa,Guand,4088132005,0,1,282
410,Jorge,Reyes,4088585545,0,4,287,376,713,775
411,Ortiz,Jose Luis,4088968815,0,1,289
412,Eduardo,Martinez,6692068132,0,1,290
413,Cordelia,Nwuzi,4085156778,0,1,296
414,Vanesa,Castellon,4089311279,0,2,297,450
415,Aivy,Nguyen,4087919288,0,1,300
416,Veronica,Chavez,4087242275,0,2,303,574
417,Jannette,Mariano,408213632,0,1,304
418,Phuc,Tran,9513731124,0,1,305
419,Nicolas,Ruiz,6692068070,0,1,307
420,Jose,Medina,4086037027,0,1,308
421,Chanel,Raines,4083756713,0,4,309,531,564,731
422,Sathyan,Catari,4082304649,0,2,310,356
423,Alicia,Williams,4082420960,0,1,315
424,Rodrigo,Gutierrez,4086551976,0,2,317,709
425,Michael,Lee,408650478,0,1,318
426,Francisco,Luna,4083906765,0,1,321
427,Eva,Nieto,4082589546,0,1,322
428,Christian,Sepulveda,4086460732,0,2,323,492
429,Jaime,Florentino,4083966932,0,1,325
430,Romualdo,Leon,4083926944,0,3,326,584,724
431,Anthony,Fernandez,4088549071,0,1,328
432,Manuel,Vega,5102925532,0,1,337
433,Jasmine,Zamora,4086139820,0,1,340
434,Ramires,Andres,6692168496,0,1,341
435,Silvia,Suarez,4088354077,0,1,347
436,Cindy,Del Rosario,4084764452,0,0
437,Cindy,Del Rosario,4084764453,0,1,351
438,Sears,Ante,4084069590,0,1,358
439,Steven,Zamora,4083961043,0,1,360
440,Shane,Bulosan,4085054426,0,1,361
441,Maria,Aguirre,4084394413,0,2,363,578
442,Tone,Keo,4086006450,0,1,365
443,Manuel,Mazzilli,6502837962,0,1,369
444,Andy,Bacilio,4086017881,0,3,372,438,468
445,Adalberto,Silva,4085615932,0,1,374
446,Francisco,Martinez,4086610475,0,1,375
447,Deniz,White,4082384072,0,1,378
448,Rodrigo,Alba,4083949963,0,1,380
449,Rigoberto,Mendoza,5109639234,0,1,383
450,Sophat,Chan,6692137948,0,1,385
451,Samuel,Hodge,4083323714,0,2,387,410
452,Omar ,Reynoso,4087173316,0,1,389
453,Gloria,Rodrigues,4088544417,0,1,392
454,Victor,Mendoza,4087707988,0,1,400
455,Esequiel ,Gomes,6692868938,0,1,401
456,Ashok,Tewari,4084214936,0,0
457,Pablo,Perea,4087917288,0,1,404
458,Bona,Chhith,6699002220,0,1,408
459,Juan,Magana,6692327028,0,1,451
460,Edith,Pacheco,4085081978,0,2,411,550
461,Agustin,Bahena,6693431252,0,1,415
462,Alonso,Sanchez,4084959975,0,1,421
463,Citlalli,Huicho,4083945054,0,2,424,537
464,Maria,Navarro,4088496985,0,1,430
465,Gen,Maharjan,6468987570,0,1,432
466,Jonathan,B,5169841031,0,1,434
467,Dario,Ramires,4088322314,0,2,441,469
468,Miguel,Melendez,9095800619,0,1,443
469,Edward,Flores,4088363279,0,1,446
470,Maria,Rodrigues,4084122243,0,2,449,485
471,Juan,Aguilar,6506653364,0,1,454
472,Candelaria,Regalado,4088901541,0,1,455
473,Debie,Walton,4088351893,0,1,457
474,Julio,Lugo,4084217415,0,1,459
475,Juan Carlos,Sanchez,4085099416,0,1,461
476,Elena,Barraza,4086645915,0,1,464
477,Lahon,Ross,4088549168,0,1,466
478,Faustino,Rodrigues,4086875654,0,1,472
479,Aurora,Padilla,65050567006,0,1,477
480,Enrrique,Rivera,6692745085,0,1,486
481,Miguel,Figueroa,4083328809,0,1,487
482,Silvia,Roman,9099299153,0,1,490
483,Cordon,Garcia,4087724722,0,1,493
484,Geraldine,Bordon,4085043458,0,5,497,516,535,649,703
485,Erick,Gomes,9257190699,0,1,503
486,Flores,Della,4084765009,0,1,505
487,Margaret,Chavez,4084696391,0,1,508
488,Jorge,Rocamora,6692581957,0,1,512
489,Evelyn,Galace,4084313245,0,2,513,540
490,Socorro,Carrillo,4087628471,0,1,514
491,Padilla,Julian,6502658798,0,1,519
492,Jose,Castro,4088969071,0,1,521
493,Doan,Mac,4086059294,0,1,525
494,Pilar,Castillo,4088028085,0,1,526
495,Nora,Diaz,4088051376,0,1,528
496,Tommy,Gonzalez,4086445115,0,1,529
497,Florencio,Montalvo,4087345746,0,2,530,672
498,Jordy,Gaspar,4083752450,0,1,538
499,Jimenez,Roberto,4089915891,0,1,539
500,Alejandro,Casillas,4088769649,0,1,542
501,Ej,Lasib,6697998475,0,1,543
502,Marvin,Navarro,4087752345,0,1,552
503,Jason,Palomino,4088130242,0,1,554
504,Antony,Mora,4089315916,0,1,556
505,Judy,Robinson,4089906455,0,1,557
506,Oscar,Geronimo,4087819155,0,1,562
507,Silvia,Diaz,4084726957,0,1,565
508,Vicente,Gonzalez,4087636332,0,1,566
509,Albert,Salcedo,4086558328,0,1,567
510,Berenice,Carapia,4086915709,0,1,569
511,Gladis,Lanza,8186718821,0,1,572
512,Fernando,Mandujano,4089915131,0,1,573
513,Raymond,Misa,4085931375,0,2,575,790
514,Fota,Filo,4086770917,0,3,576,611,739
515,Minh,Dang,4156760826,0,1,585
516,Thuy,Huynh,4086466728,0,1,587
517,Juan,Pinon,4087728986,0,1,590
518,Lucia,Garrcia,4082043192,0,1,595
519,Bern,Valencia,4085980335,0,2,596,735
520,Ithel,Plancarte,4087086638,0,1,597
521,Salvador ,Diaz,4087752370,0,1,599
522,Elva,Gomes,4085613360,0,1,600
523,Maria,Avalos,4088497194,0,1,601
524,Rob,White,9168232752,0,1,606
525,Onecimo,Hernandez,8312254844,0,1,607
526,Victor,Magana,8316375925,0,1,619
527,Roy,Lopes,4088567993,0,2,620,700
528,Edgar,Sipriano,4087632555,0,1,622
529,Rolando,Guel,4087915601,0,1,623
530,Josefina,Perez,6692387943,0,2,625,626
531,Elvira,Hidalgo,4086008243,0,1,629
532,Mitchel,Armenta,4087949478,0,1,630
533,Harvey,Singh,4086259096,0,1,631
534,Veronica,Nguyen,4089925500,0,1,632
535,Jesus,Talavera,4088136943,0,1,633
536,Torres,Eli,2093196414,0,1,636
537,Store,Epic,4082748887,0,1,637
538,Jose,Bautista,4082163292,0,2,641,701
539,Gigi,Castillo,4087506968,0,1,644
540,Norverto,Vinoya,4086378075,0,1,646
541,Adan,Cervantes,4084770383,0,1,651
542,Karen,Nguyen,4089666848,0,1,653
543,Sara,Melendez,4084499609,0,0
544,Mariela,Cruz,4085990592,0,1,656
545,Cintia,Alcaraz,4082347640,0,1,658
546,Rogelio,Lopes,4086454127,0,1,661
547,Estrada,Edie,4082103177,0,1,669
548,Rosa,Govea,4087975584,0,1,671
549,Claudia,Enrriquez,4085128843,0,1,674
550,Qui,Truong,4085104847,0,1,675
551,Marcos,Ledesma,4087267813,0,1,677
552,Silvia,Juarez,4087599734,0,1,679
553,Benjamin,Coleto,4087262976,0,1,681
554,Moices,Viramontes,408785772401,0,1,689
555,Reyna,Magayon,4088027461,0,1,694
556,Hugo,Ogeda,4083983139,0,1,695
557,Pamela,Ruiz,4085092449,0,1,697
558,Leo,Sanchez,4086799077,0,1,705
559,Graciela,Flores,4082090485,0,1,712
560,Miguel,Heredia,4089913263,0,1,714
561,Sanchez,Scott,4085504186,0,1,716
562,Ken,Tom,6693178585,0,2,719,728
563,Alejandra,Magana,4086687742,0,1,721
564,Barbara,Bustos,6698884597,0,1,726
565,Sanchez,Cyntia,4085929535,0,1,732
566,Mario,Navarro,4085128365,0,1,733
567,Union,North Carpinters,5104217562,0,1,736
568,Malto,Jean,4085157999,0,1,738
569,Leone,Iosepha,8084206440,0,1,745
570,Fernando,Rodrigues,4089109286,0,1,746
571,Cindy,Diaz,4084208661,0,1,750
572,Vicente,Caldera,4087962374,0,1,758
573,Kim,Nguyen,6698888989,0,1,772
574,Sr.,Esquibel,4082595076,0,0
575,Jawfrie,Quejada,4088237420,0,1,779
576,Erandy,Jayme,510375065,0,1,781
577,Andrea,Fuentes,4084014602,0,1,783
578,David,Linzaga,4086006528,0,1,784
579,Dionicio,Palencia,4083076071,0,1,787
580,Marco,Martinez,6692199983,0,1,792
