0,89,6.5,-1,0,0,1,0,0,6.5,0,2,12,2024,9,37,am,5,12,2024,9,0,am,1,0,DC;1,1,Pant,Regular,1,6.5,ALT;1,0
1,17,6.5,-1,0,0,1,0,0,6.5,0,2,12,2024,9,40,am,5,12,2024,9,0,am,1,0,DC;1,1,Pant,Regular,1,6.5,ALT;1,0
2,278,6.5,158,0,0,1,0,0,6.5,0,2,12,2024,11,25,am,5,12,2024,11,0,am,1,0,DC;1,1,Pant,Regular,1,6.5,ALT;1,0
3,279,12,-1,0,0,2,0,0,12,0,2,12,2024,11,31,am,5,12,2024,11,0,am,1,0,DC;2,1,Pant,Regular,1,6.5,1,Shirt,Regular,1,5.5,ALT;1,0
4,95,30,-1,0,0,5,0,0,30,0,2,12,2024,11,36,am,5,12,2024,11,0,am,1,0,DC;1,1,Pant,Regular,5,6,ALT;1,0
5,280,17,-1,0,0,1,0,0,17,0,2,12,2024,11,47,am,5,12,2024,11,0,am,1,0,DC;1,0,ALT;1,1,Pant,Hem Up,1,17
6,117,31.5,-1,0,0,4,0,0,31.5,0,2,12,2024,13,9,pm,5,12,2024,13,0,pm,1,0,DC;3,1,Pant,Regular,2,6.5,1,Shirt,Regular,1,5.5,1,Jacket,Regular,1,13,ALT;1,0
7,282,490,-1,0,0,4,0,0,490,0,2,12,2024,14,5,pm,5,12,2024,14,0,pm,1,0,DC;1,0,ALT;2,1,Cyber,Glove,1,250,1,Cyber,Hand Band,3,80
8,283,19.5,-1,0,0,3,0,0,19.5,0,2,12,2024,16,53,pm,5,12,2024,16,0,pm,1,0,DC;1,1,Pant,Regular,3,6.5,ALT;1,0
9,211,16,-1,0,0,2,0,0,16,0,2,12,2024,18,35,pm,5,12,2024,18,0,pm,1,0,DC;1,1,Sweater,Cashmere,2,8,ALT;1,0
10,284,45,-1,0,0,5,0,0,45,0,3,12,2024,10,13,am,6,12,2024,10,0,am,1,0,DC;3,1,Pant,Lining,3,7,1,Shirt,Regular,1,6,1,Jacket,Sport,1,18,ALT;1,0
11,198,28.5,-1,0,0,5,0,0,28.5,0,3,12,2024,10,40,am,6,12,2024,10,0,am,1,0,DC;2,1,Shirt,Regular,4,5.5,1,Pant,Regular,1,6.5,ALT;1,0
12,48,68,-1,0,0,4,0,0,68,0,3,12,2024,11,53,am,6,12,2024,11,0,am,1,0,DC;1,1,Lady Suit,2Pc,4,17,ALT;1,0
13,236,36,-1,0,0,2,0,0,36,0,3,12,2024,13,56,pm,6,12,2024,13,0,pm,1,0,DC;1,1,Jacket,Sport,2,18,ALT;1,0
14,286,34.5,-1,0,0,3,1,15,29.325,0,3,12,2024,14,48,pm,6,12,2024,14,0,pm,1,0,DC;2,1,Dress,Wool,2,14,1,Blouse,Silk,1,6.5,ALT;1,0
15,77,67,-1,0,0,5,0,0,67,0,3,12,2024,14,56,pm,6,12,2024,14,0,pm,1,0,DC;2,1,Pant,Regular,2,6.5,1,Man Suit,2Pc,3,18,ALT;1,0
16,288,46,-1,0,0,8,0,0,46,0,3,12,2024,16,18,pm,6,12,2024,16,0,pm,1,0,DC;2,1,Pant,Regular,2,6.5,1,Shirt,Regular,6,5.5,ALT;1,0
17,289,53.25,-1,0,0,6,0,0,53.25,0,3,12,2024,16,27,pm,6,12,2024,16,0,pm,1,0,DC;3,1,Sweater,Wool,4,7,1,Shirt,Regular,1,6,1,Jacket,Ski,1,19.25,ALT;1,0
18,76,40,-1,0,0,6,0,0,40,0,3,12,2024,17,2,pm,6,12,2024,17,0,pm,1,0,DC;2,1,Pant,Jean,2,7,1,Shirt,Guayavera,4,6.5,ALT;1,0
19,253,37.5,-1,0,0,4,0,0,37.5,0,4,12,2024,10,21,am,7,12,2024,10,0,am,1,0,DC;2,1,Jacket,Sport,1,18,1,Pant,Regular,3,6.5,ALT;1,0
20,290,19,-1,0,0,1,0,0,19,0,4,12,2024,10,27,am,7,12,2024,10,0,am,1,0,DC;1,1,Man Suit,2Pc Wool,1,19,ALT;1,0
21,291,17,-1,0,0,1,0,0,17,0,4,12,2024,10,53,am,7,12,2024,10,0,am,1,0,DC;1,0,ALT;1,1,Pant,Hem Up,1,17
22,292,8,-1,0,0,1,0,0,8,0,4,12,2024,13,19,pm,7,12,2024,13,0,pm,1,0,DC;1,1,Pant,Lining,1,8,ALT;1,0
23,293,21,-1,0,0,2,0,0,21,0,4,12,2024,14,21,pm,7,12,2024,14,0,pm,1,0,DC;2,1,Skirt,Linen,1,8,1,Jacket,Regular,1,13,ALT;1,0
