0,Jania,Parrales,4085936049,0,3,4,32,182
1,Juan,Viramonte,4088931612,0,0
2,Silvia,Villavicencio,6508691929,0,0
3,Roberto,Aguirre,4086979707,0,0
4,Tania,Ornelas,4084173718,0,1,110
5,Luz,Cabrera,4089035223,0,5,23,37,123,138,159
6,Fermin ,Macia,6692783027,0,0
7,Alfredo,Madrigal,6692977349,0,0
8,Charvarius,Ward,4088108980,0,3,40,111,161
9,Karina,Quintero,4088416497,0,2,107,202
10,Maria,Solis,4084391827,0,0
11,Alma,Guzman,4085681285,0,1,81
12,Sara,Melendes,4084493419,0,0
13,Oscar,Ducusin,4085097598,0,0
14,Denice,Johnson,4089216343,0,1,213
15,Jose ,Robledo,4083327575,0,0
16,Jose ,Grimaldo,4085280845,0,0
17,Luis,Villalta,4086742579,0,7,1,24,59,215,216,217,218
18,Alex,Gonzalez,4086612413,0,3,0,65,141
19,Rosa,Gonzalez,4087727503,0,1,198
20,Francisco,Fonzalez,4089250154,0,0
21,Jose,Gonzalez,4084491981,0,2,91,180
22,Jaqueline,Gonzalez,4088438629,0,0
23,Silvia,Aguilar,4082345158,0,1,147
24,Gina,Sanchez,6692959652,0,1,2
25,Antonio,Castillo,4083168683,0,1,3
26,Erick,Vargas,0000,0,5,4,20,62,96,195
27,Petra,Medina,4088244084,0,2,4,7
28,Bryan,Martinez,4084839975,0,1,8
29,Vu,Thinh,4084895074,0,1,9
30,Susana,Cuevas,4083988430,0,1,10
31,Alex,Ulloa,4084213244,0,1,11
32,Cuong,Truong,4088926075,0,1,12
33,Ray,Marquez,80609969,0,1,13
34,Guadalupe,Hernandez,4083731418,0,1,14
35,Jonathan,Borca,4084827670,0,1,15
36,Jose,Rodrigues,4086674558,0,2,16,189
37,Jose,Torres,4085189800,0,1,17
38,Julio,Fuentes,4086557504,0,1,18
39,Susana,Rodrigues,4083645990,0,2,19,153
40,Ildelisa,Hernandez,4082505101,0,1,137
41,Le ,Ann,4083865465,0,1,21
42,Ana,Torres,6692386135,0,1,22
43,Llanes,Esequiel,4087720687,0,1,195
44,Carlos,Merced,4085972556,0,1,25
45,Qui,Truong,4084894857,0,1,26
46,Alan,Mendoza,4084016378,0,1,27
47,Oscar,Ducusin,4085097578,0,4,28,58,93,166
48,Jenifer,Le,4086238344,0,1,29
49,Tony,Williams,2094517055,0,2,30,55
50,Juan,Tinajero,4088398919,0,1,31
51,Emilio,Navarro,4089871101,0,1,33
52,H.,Bronson,4083141246,0,1,34
53,Ubaldo,Valencia,408696529,0,1,35
54,Darshan,Singh,4083906194,0,3,36,114,151
55,Teresa,Valdez,2522001620,0,2,38,201
56,Jairo,Lopes,4089036445,0,1,39
57,Luis,Corona,6692104331,0,1,41
58,Silvia,Jimenes,4086494347,0,0
59,Alexander,Jimenez,4087242977,0,0
60,Silvia,Cardenas,4082309925,0,1,42
61,Antonio,Hernandez,5596794266,0,1,43
62,Jose,Millan,4088306340,0,1,44
63,Guadalupe,Rodrigues,4084696444,0,1,45
64,Laura,Corona,4084174090,0,1,46
65,Jerry,Marcial,4087914613,0,2,47,115
66,Victor,Napan,4088304968,0,1,48
67,Sergio,Herrera,6616215560,0,1,49
68,Mario,Zuniga,4085615881,0,1,50
69,Antonio,Campos,4087719135,0,1,51
70,Marvin,Piril,6236937125,0,1,52
71,Consepcion,Blanco,4087572644,0,0
72,Robert,Benford,4089980593,0,1,53
73,Hector,Sarte,4086493298,0,0
74,Lesly,Mendoza,4085957017,0,1,54
75,Jorge,Nava,4089148810,0,3,56,156,182
76,Meshbaur,Rahman,4085095134,0,1,57
77,Abe,Gorgonio,4086900127,0,2,59,200
78,Guillermo,Olmedo,4082955441,0,3,97,158,210
79,Phillip,Manithep,4085610460,0,1,61
80,Mario,Esteves,7074946252,0,1,63
81,Rosa,Esparza,4084834890,0,1,64
82,Dyana,Huaraz,6508345157,0,1,66
83,Garry,Church,4088785792,0,1,67
84,Roberto,Plancarte,4087086640,0,1,68
85,Luis,Caro,4085936490,0,1,68
86,Albert,Candelaria,4083963736,0,3,69,167,168
87,Rigo,Medina,4088346994,0,1,70
88,Noel,Serrano,4086242987,0,2,72,140
89,Arturo,Alvarado,6692199176,0,2,73,176
90,Marcus,Parker,6506175227,0,1,74
91,Maria,Escalante,4083008990,0,1,75
92,Cato,Moctezuma,40821071878,0,1,76
93,J.,Tolvert,6699465807,0,1,83
94,Cesar,Martinez,6507588779,0,1,77
95,Delvin,Martinez,4086488036,0,2,78,92
96,Elvira,Parra,4088066447,0,1,79
97,Douglas,Bly,4702741361,0,1,80
98,Emely,Jimenez,6692163018,0,1,82
99,Diaz,Mireya,4083377952,0,1,84
100,Edgar,Gabriel,4084061877,0,1,122
101,Maria Elena,Guerrero,4084068059,0,1,85
102,Sonia,Demarciales,4082173079,0,1,86
103,Mauro,Rosales,4086259826,0,1,87
104,Cristal,Valdovinos,4086468170,0,1,88
105,Elena,Robles,4087914568,0,1,89
106,Ivett,Colorado,4086706047,0,1,90
107,Jose,Cendejas,4084608786,0,1,94
108,Serrano,Oscar,4088541536,0,1,95
109,David,Cabrera,4085922535,0,0
110,Lazaro,Valencia,4083869162,0,1,96
111,Fernanddo,Torres,4086489887,0,1,98
112,Ana ,Mauga,4084781707,0,1,100
113,Antonio,Cardenas,4088433824,0,1,101
114,Maria,Lopes,4086662698,0,1,102
115,Juan,Cardenas,4082055214,0,1,103
116,Jose,Martinez,4086607841,0,1,104
117,Juan,Avelar,4086487329,0,0
118,Miguel,Favela,4084833294,0,1,105
119,Frank,Hernandez,4082216341,0,2,106,170
120,Jesus,Flores,4089310735,0,1,108
121,Flor,Romano,4083842495,0,1,109
122,Mauricio,Salazar,4087990171,0,1,111
123,Justine,Darden,4082349463,0,3,112,132,133
124,Michael,Moyano,6692612511,0,2,113,188
125,Patricia,Oseguera,6692068410,0,1,117
126,Mariel,Hernandez,4087974330,0,0
127,Mario,Zaragoza,4089038390,0,0
128,Josh,Morales,4083946535,0,0
129,Raymond,Do,4083483535,0,1,117
130,Linh,Lai,4087811926,0,1,118
131,Alejandra,Rangel,4084894550,0,1,119
132,James,Puni,6692546971,0,0
133,Nicolas,Moctezuma,4085655386,0,1,121
134,Carlos,Parra,4086459919,0,1,122
135,Cicolas,Huicab,4083982281,0,1,124
136,Robert,Mendoza,4087628762,0,1,125
137,Henrry,Navarro,4085096187,0,0
138,Steven,Le,6694677321,0,1,126
139,Ivon,Adame,6692160191,0,1,127
140,Arturo,Villareal,4085152003,0,1,129
141,Vai,Malauulu,4086557691,0,1,130
142,Atanacio,Vera,4089338312,0,3,131,142,211
143,Anthony,Gutierrez,4088495500,0,1,134
144,Victor,Solorio,4087266067,0,1,135
145,David,Cardenas,4082705146,0,2,136,212
146,Ray,Cobambio,6692930692,0,0
147,Esequias,Ortiz,4089100667,0,1,136
148,Silvia,Florian,6506700423,0,1,139
149,Aurelio,Espinoza,4089048497,0,1,139
150,Teresita,Crueldad,4087915043,0,1,141
151,Alberta,Rocamora,6506606434,0,0
152,Rogelio ,Moya,4086441438,0,0
153,Francisco,Vasquez,6692430443,0,1,146
154,Tony,Johnson,4088290004,0,1,148
155,Jesus,Fletes,4086559781,0,1,149
156,Troche,H.,4086677675,0,1,150
157,Fidel ,Rivera,4088359083,0,1,152
158,Jose Maria,Lopez,4085167533,0,1,154
159,Binh,Nguyen,6698774798,0,1,155
160,Deon,Galicinao,4083060967,0,1,157
161,Naser,Khan,0,0,0
162,Everett,Randolph,4088194149,0,1,159
163,Edgardop,Camarena,6692515479,0,1,160
164,Uma,Sharma,000,0,0
165,Sergio,Rodriguez,4089663047,0,1,163
166,Rudy,Afuola,4084012391,0,1,164
167,Cesar,Tronco,6503389469,0,1,165
168,Andres,Eusebio,4083985720,0,1,169
169,Norie,Gabatino,4088020367,0,1,171
170,Erick,Corona,4084605043,0,1,172
171,Roberto,Rueda,4086871205,0,1,173
172,Remi,Singh,3602207728,0,1,174
173,Frank,Araujo,4084727570,0,2,175,181
174,Dhristian,Cruda,4085317027,0,0
175,Marcotulio,Centeno,4083932741,0,1,177
176,Maria,Regalado,4087706033,0,1,178
177,Ricardo,Cruz,4086429441,0,1,178
178,Marcial,Vargas,4089035931,0,1,179
179,Salvador,Rojas,4082349428,0,1,183
180,Jose,Orosco,4085912741,0,1,184
181,Jose,Anacleto,4089039063,0,1,185
182,Sunny,Singh,4085505774,0,1,190
183,Alesia,Williams,4086236442,0,1,191
184,Morgan,Nakamura,4088236050,0,1,192
185,Liliana,Garcia,4089103114,0,1,193
186,Samane,Phomphkdy,4084555097,0,1,194
187,Mindy,Duong,4082028049,0,1,195
188,Toniesha,Ruby,6693772573,0,0
189,Carlos,Villalobos,4084663221,0,1,199
190,Duc,Duong,4088243186,0,1,203
191,Lidia,Rodrigues,4084493228,0,1,204
192,Shirley,Williams,5599031152,0,1,205
193,Manuel,Rivera,408580799,0,1,206
194,Leo,Ceja,4158236206,0,1,207
195,Daniel,Aguilar,4086609063,0,1,208
196,Nora,Nieto,4086613356,0,1,209
197,Michael,Williams,6506904969,0,0
198,Juan,Villa,4087706559,0,1,214
